0	515	120	50	600	620	105	97	80
515	0	555	512	422	455	504	524	490
120	555	0	50	580	600	80	170	70
50	512	50	0	555	605	65	141	36
600	422	580	555	0	62	534	620	520
620	455	600	605	62	0	555	640	555
105	504	80	65	534	555	0	220	27
97	524	170	141	620	640	220	0	170
80	490	70	36	520	555	27	170	0
